P_1 = [3 2 1 0; 2 2 3 0; 2 2 2 -1];
R1 = P_1(:,1:3);
t1 = P_1(:,4);

P_2 = [2 4 3 3; 1 2 0 -2; 1 1 3 0];
R2 = P_2(:,1:3);
t2 = P_2(:,4);

F = [-3 3 6; 6 -31 9; -8 -42 58];
n = 3;
a_1 = [1 2 n];
a_2 = [16 10 n];
a_3 = [4 2 n];

b_1 = [1 1 n];
b_2 = [3 2 n];
b_3 = [3 -2 n];

a_1*(F*b_1')
a_1*(F*b_2')
a_1*(F*b_3')

a_2*(F*b_1')
a_2*(F*b_2')
a_2*(F*b_3')

a_3*(F*b_1')
a_3*(F*b_2')
a_3*(F*b_3')

